112
5.0
10
7
13.5
17
1.5
10
3
100005
5004
.2
.2
1 3
4 5
1 2 3 5
54 8
55 55
 81.4724   16.2182
   90.5792   79.4285
   12.6987   31.1215
   91.3376   52.8533
   63.2359   16.5649
    9.7540   60.1982
   27.8498   26.2971
   54.6882   65.4079
   95.7507   68.9215
   96.4889   74.8152
   15.7613   45.0542
   97.0593    8.3821
   95.7167   22.8977
   48.5376   91.3337
   80.0280   15.2378
   14.1886   82.5817
   42.1761   53.8342
   91.5736   99.6135
   79.2207    7.8176
   95.9492   44.2678
   65.5741   10.6653
    3.5712   96.1898
   84.9129    0.4634
   93.3993   77.4910
   67.8735   81.7303
   75.7740   86.8695
   74.3132    8.4436
   39.2227   39.9783
   65.5478   25.9870
   17.1187   80.0068
   70.6046   43.1414
    3.1833   91.0648
   27.6923   18.1847
    4.6171   26.3803
    9.7132   14.5539
   82.3458   13.6069
   69.4829   86.9292
   31.7099   57.9705
   95.0222   54.9860
    3.4446   14.4955
   43.8744   85.3031
   38.1558   62.2055
   76.5517   35.0952
   79.5200   51.3250
   18.6873   40.1808
   48.9764    7.5967
   44.5586   23.9916
   64.6313   12.3319
   70.9365   18.3908
   75.4687   23.9953
   27.6025   41.7267
   67.9703    4.9654
   65.5098   90.2716
   16.2612   94.4787
   11.8998   49.0864
   49.8364   48.9253
   95.9744   33.7719
   34.0386   90.0054
   58.5268   36.9247
   22.3812   11.1203
   75.1267   78.0252
   25.5095   38.9739
   50.5957   24.1691
   69.9077   40.3912
   89.0903    9.6455
   95.9291   13.1973
   54.7216   94.2051
   13.8624   95.6135
   14.9294   57.5209
   25.7508    5.9780
   84.0717   23.4780
   25.4282   35.3159
   81.4285   82.1194
   24.3525    1.5403
   92.9264    4.3024
   34.9984   16.8990
   19.6595   64.9115
   25.1084   73.1722
   61.6045   64.7746
   47.3289   45.0924
   35.1660   54.7009
   83.0829   29.6321
   58.5264   74.4693
   54.9724   18.8955
   91.7194   68.6775
   28.5839   18.3511
   75.7200   36.8485
   75.3729   62.5619
   38.0446   78.0227
   56.7822    8.1126
    7.5854   92.9386
    5.3950   77.5713
   53.0798   48.6792
   77.9167   43.5859
   93.4011   44.6784
   12.9906   30.6349
   56.8824   50.8509
   46.9391   51.0772
    1.1902   81.7628
   33.7123   79.4831